diamond  4  dust_c_(ug/m^3)_2009041700_09041812
 09  04  18  12   72    2001   
    1.00    1.00   55.50  144.50    5.50   59.50
    90    60   100.00   100.00 10000.00     1.00  2000.00
   9999.0   9999.0   9999.0   9999.0      0.0      0.0      0.0      0.0      0.0      0.0
      0.0      0.0      0.0      0.0      0.0   9999.0   9999.0   9999.0   9999.0   9999.0
   9999.0   9999.0   9999.0   9999.0   9999.0   9999.0   9999.0   9999.0   9999.0   9999.0
   9999.0   9999.0   9999.0   9999.0   9999.0   9999.0   9999.0   9999.0   9999.0   9999.0
   9999.0   9999.0   9999.0   9999.0   9999.0   9999.0   9999.0   9999.0   9999.0   9999.0
   9999.0   9999.0   9999.0   9999.0   9999.0   9999.0   9999.0   9999.0   9999.0   9999.0
   9999.0   9999.0   9999.0   9999.0   9999.0      0.0      0.0      0.0      0.0      0.0
      0.0      0.0      0.0      0.0      0.0      0.0   9999.0   9999.0   9999.0   9999.0
   9999.0   9999.0   9999.0   9999.0   9999.0   9999.0   9999.0   9999.0   9999.0   9999.0
 
   9999.0   9999.0   9999.0      0.0      0.0      0.0      0.0      0.0      0.0      0.0
      0.0      0.0      0.0      0.0      0.0      0.0      0.0      0.0      0.0   9999.0
   9999.0   9999.0   9999.0   9999.0   9999.0   9999.0   9999.0   9999.0   9999.0   9999.0
   9999.0   9999.0   9999.0   9999.0   9999.0   9999.0   9999.0   9999.0   9999.0   9999.0
   9999.0   9999.0   9999.0   9999.0   9999.0   9999.0   9999.0   9999.0   9999.0   9999.0
   9999.0   9999.0   9999.0   9999.0   9999.0   9999.0   9999.0   9999.0   9999.0   9999.0
   9999.0      0.0      0.0      0.0      0.0      0.0      0.0      0.0      0.0      0.0
      0.0      0.0      0.0      0.0      0.0      0.0      0.0   9999.0   9999.0   9999.0
   9999.0   9999.0   9999.0   9999.0   9999.0   9999.0   9999.0   9999.0   9999.0   9999.0
 
   9999.0   9999.0   9999.0      0.0      0.0      0.0      0.0      0.0      0.0      0.0
      0.0      0.0      0.0      0.0      0.0      0.0      0.0      0.0      0.0      0.0
      0.0      0.0      0.0   9999.0   9999.0   9999.0   9999.0   9999.0   9999.0   9999.0
   9999.0   9999.0   9999.0   9999.0   9999.0   9999.0   9999.0   9999.0   9999.0   9999.0
   9999.0   9999.0   9999.0   9999.0   9999.0   9999.0   9999.0   9999.0   9999.0   9999.0
   9999.0   9999.0   9999.0   9999.0   9999.0   9999.0   9999.0      0.0      0.0      0.0
      0.0      0.0      0.0      0.0      0.0      0.0      0.0      0.0      0.0      0.0
      0.0      0.0      0.0      0.0      0.0      0.0      0.0   9999.0   9999.0   9999.0
   9999.0   9999.0   9999.0   9999.0   9999.0   9999.0   9999.0   9999.0   9999.0   9999.0
 
   9999.0   9999.0      0.0      0.0      0.0      0.0      0.0      0.0      0.0      0.0
      0.0      0.0      0.0      0.0      0.0      0.0      0.0      0.0      0.0      0.0
      0.0      0.0      0.0      0.0      0.0      0.0      0.0      0.0   9999.0   9999.0
   9999.0   9999.0   9999.0   9999.0   9999.0   9999.0   9999.0   9999.0   9999.0   9999.0
   9999.0   9999.0   9999.0   9999.0   9999.0   9999.0   9999.0   9999.0   9999.0   9999.0
   9999.0   9999.0      0.0      0.0      0.0      0.0      0.0      0.0      0.0      0.0
      0.0      0.0      0.0      0.0      0.0      0.0      0.0      0.0      0.0      0.0
      0.0      0.0      0.0      0.0      0.0      0.0      0.0      0.0   9999.0   9999.0
   9999.0   9999.0   9999.0   9999.0   9999.0   9999.0   9999.0   9999.0   9999.0   9999.0
 
   9999.0   9999.0      0.0      0.0      0.0      0.0      0.0      0.0      0.0      0.0
      0.0      0.0      0.0      0.0      0.0      0.0      0.0      0.0      0.0      0.0
      0.0      0.0      0.0      0.0      0.0      0.0      0.0      0.0      0.0      0.0
      0.0      0.0      0.0      0.0      0.0      0.0      0.0      0.0      0.0      0.0
      0.0      0.0      0.0      0.0      0.0      0.0      0.0      0.0      0.0      0.0
      0.0      0.0      0.0      0.0      0.0      0.0      0.0      0.0      0.0      0.0
      0.0      0.0      0.0      0.0      0.0      0.0      0.0      0.0      0.0      0.0
      0.0      0.0      0.0      0.0      0.0      0.0      0.0      0.0   9999.0   9999.0
   9999.0   9999.0   9999.0   9999.0   9999.0   9999.0   9999.0   9999.0   9999.0   9999.0
 
   9999.0      0.0      0.0      0.0      0.0      0.0      0.0      0.0      0.0      0.0
      0.0      0.0      0.0      0.0      0.0      0.0      0.0      0.0      0.0      0.0
      0.0      0.0      0.0      0.0      0.0      0.0      0.0      0.0      0.0      0.0
      0.0      0.0      0.0      0.0      0.0      0.0      0.0      0.0      0.0      0.0
      0.0      0.0      0.0      0.0      0.0      0.0      0.0      0.0      0.0      0.0
      0.0      0.0      0.0      0.0      0.0      0.0      0.0      0.0      0.0      0.0
      0.0      0.0      0.0      0.0      0.0      0.0      0.0      0.0      0.0      0.0
      0.0      0.0      0.0      0.0      0.0      0.0      0.0      0.0      0.0   9999.0
   9999.0   9999.0   9999.0   9999.0   9999.0   9999.0   9999.0   9999.0   9999.0   9999.0
 
   9999.0      0.0      0.0      0.0      0.0      0.0      0.0      0.0      0.0      0.0
      0.0      0.0      0.0      0.0      0.0      0.0      0.0      0.0      0.0      0.0
      0.0      0.0      0.0      0.0      0.0      0.0      0.0      0.0      0.0      0.0
      0.0      0.0      0.0      0.0      0.0      0.0      0.0      0.0      0.0      0.0
      0.0      0.0      0.0      0.0      0.0      0.0      0.0      0.0      0.0      0.0
      0.0      0.0      0.0      0.0      0.0      0.0      0.0      0.0      0.0      0.0
      0.0      0.0      0.0      0.0      0.0      0.0      0.0      0.0      0.0      0.0
      0.0      0.0      0.0      0.0      0.0      0.0      0.0      0.0      0.0   9999.0
   9999.0   9999.0   9999.0   9999.0   9999.0   9999.0   9999.0   9999.0   9999.0   9999.0
 
      0.0      0.0      0.0      0.0      0.0      0.0      0.0      0.0      0.0      0.0
      0.0      0.0      0.0      0.0      0.0      0.0      0.0      0.0      0.0      0.0
      0.0      0.0      0.0      0.0      0.0      0.0      0.0      0.0      0.0      0.0
      0.0      0.0      0.0      0.0      0.0      0.0      0.0      0.0      0.0      0.0
      0.0      0.0      0.0      0.0      0.0      0.0      0.0      0.0      0.0      0.0
      0.0      0.0      0.0      0.0      0.0      0.0      0.0      0.0      0.0      0.0
      0.0      0.0      0.0      0.0      0.0      0.0      0.0      0.0      0.0      0.0
      0.0      0.0      0.0      0.0      0.0      0.0      0.0      0.0      0.0      0.0
   9999.0   9999.0   9999.0   9999.0   9999.0   9999.0   9999.0   9999.0   9999.0   9999.0
 
      0.0      0.0      0.0      0.0      0.0      0.0      0.0      0.0      0.0      0.0
      0.0      0.0      0.0      0.0      0.0      0.0      0.0      0.0      0.0      0.0
      0.0      0.0      0.0      0.0      0.0      0.0      0.0      0.0      0.0      0.0
      0.0      0.0      0.0      0.0      0.0      0.0      0.0      0.0      0.0      0.0
      0.0      0.0      0.0      0.0      0.0      0.0      0.0      0.0      0.0      0.0
      0.0      0.0      0.0      0.0      0.0      0.0      0.0      0.0      0.0      0.0
      0.0      0.0      0.0      0.0      0.0      0.0      0.0      0.0      0.0      0.0
      0.0      0.0      0.0      0.0      0.0      0.0      0.0      0.0      0.0      0.0
   9999.0   9999.0   9999.0   9999.0   9999.0   9999.0   9999.0   9999.0   9999.0   9999.0
 
      0.0      0.0      0.0      0.0      0.0      0.0      0.0      0.0      0.0      0.0
      0.0      0.0      0.0      0.0      0.0      0.0      0.0      0.0      0.0      0.0
      0.0      0.0      0.0      0.0      0.0      0.0      0.0      0.0      0.0      0.0
      0.0      0.0      0.0      0.0      0.0      0.0      0.0      0.0      0.0      0.0
      0.0      0.0      0.0      0.0      0.0      0.0      0.0      0.0      0.0      0.0
      0.0      0.0      0.0      0.0      0.0      0.0      0.0      0.0      0.0      0.0
      0.0      0.0      0.0      0.0      0.0      0.0      0.0      0.0      0.0      0.0
      0.0      0.0      0.0      0.0      0.0      0.0      0.0      0.0      0.0      0.0
      0.0   9999.0   9999.0   9999.0   9999.0   9999.0   9999.0   9999.0   9999.0   9999.0
 
      0.0      0.0      0.0      0.0      0.0      0.0      0.0      0.0      0.0      0.0
      0.0      0.0      0.0      0.0      0.0      0.0      0.0      0.0      0.0      0.0
      0.0      0.0      0.0      0.0      0.0      0.0      0.0      0.0      0.0      0.0
      0.0      0.0      0.0      0.0      0.0      0.0      0.0      0.0      0.0      0.0
      0.0      0.0      0.0      0.0      0.0      0.0      0.0      0.0      0.0      0.0
      0.0      0.0      0.0      0.0      0.0      0.0      0.0      0.0      0.0      0.0
      0.0      0.0      0.0      0.0      0.0      0.0      0.0      0.0      0.0      0.0
      0.0      0.0      0.0      0.0      0.0      0.0      0.0      0.0      0.0      0.0
      0.0      0.0   9999.0   9999.0   9999.0   9999.0   9999.0   9999.0   9999.0   9999.0
 
      0.0      0.0      0.0      0.0      0.0      0.0      0.0      0.0      0.0      0.0
      0.0      0.0      0.0      0.0      0.1      0.0      0.1      0.0      0.0      0.0
      0.0      0.0      0.0      0.0      0.0      0.0      0.0      0.0      0.0      0.0
      0.0      0.0      0.0      0.0      0.0      0.0      0.0      0.0      0.0      0.0
      0.0      0.0      0.0      0.0      0.0      0.0      0.0      0.0      0.0      0.0
      0.0      0.0      0.0      0.0      0.0      0.0      0.0      0.0      0.0      0.0
      0.0      0.0      0.0      0.0      0.0      0.0      0.0      0.0      0.0      0.0
      0.0      0.0      0.0      0.0      0.0      0.0      0.0      0.0      0.0      0.0
      0.0      0.0   9999.0   9999.0   9999.0   9999.0   9999.0   9999.0   9999.0   9999.0
 
      0.0      0.0      0.0      0.0      0.0      0.0      0.0      0.0      0.0      0.0
      0.0      0.0      0.0      0.0      0.1      0.1      0.1      0.1      0.0      0.0
      0.0      0.0      0.0      0.0      0.0      0.0      0.0      0.0      0.0      0.0
      0.0      0.0      0.0      0.0      0.0      0.0      0.0      0.0      0.0      0.0
      0.0      0.0      0.0      0.0      0.0      0.0      0.0      0.0      0.0      0.0
      0.0      0.0      0.0      0.0      0.0      0.0      0.0      0.0      0.0      0.0
      0.0      0.0      0.0      0.0      0.0      0.0      0.0      0.0      0.0      0.0
      0.0      0.0      0.0      0.0      0.0      0.0      0.0      0.0      0.0      0.0
      0.0      0.0      0.0   9999.0   9999.0   9999.0   9999.0   9999.0   9999.0   9999.0
 
     60.5      0.0      0.0      0.0      0.0      0.0      0.0      0.0      0.0      0.0
      0.0      0.0      0.0      0.1      0.1      0.1      0.1      0.1      0.1      0.0
      0.0      0.0      0.0      0.0      0.0      0.0      0.0      0.0      0.0      0.0
      0.0      0.0      0.0      0.0      0.0      0.0      0.0      0.0      0.0      0.0
      0.0      0.0      0.0      0.0      0.0      0.0      0.0      0.0      0.0      0.0
      0.0      0.0      0.0      0.0      0.0      0.0      0.0      0.0      0.0      0.0
      0.0      0.0      0.0      0.0      0.0      0.0      0.0      0.0      0.0      0.0
      0.0      0.0      0.0      0.0      0.0      0.0      0.0      0.0      0.0      0.0
      0.0      0.0      0.0   9999.0   9999.0   9999.0   9999.0   9999.0   9999.0   9999.0
 
    433.2    342.5    100.9     52.7      0.0      0.0      0.0      0.0      0.0      0.0
      0.0      0.0      0.1      0.5      0.3      0.4      0.2      0.3      0.2      0.1
      0.0      0.0      0.0      0.0      0.0      0.0      0.0      0.0      0.0      0.0
      0.0      0.0      0.0      0.0      0.0      0.0      0.0      0.0      0.0      0.0
      0.0      0.0      0.0      0.0      0.0      0.0      0.0      0.0      0.0      0.0
      0.0      0.0      0.0      0.0      0.0      0.0      0.0      0.0      0.0      0.0
      0.0      0.0      0.0      0.0      0.0      0.0      0.0      0.0      0.0      0.0
      0.0      0.0      0.0      0.0      0.0      0.0      0.0      0.0      0.0      0.0
      0.0      0.0      0.0      0.0   9999.0   9999.0   9999.0   9999.0   9999.0   9999.0
 
    627.3    581.9    179.4     57.3     10.0      0.0      0.1      0.1      0.0      0.0
      0.0      0.0      0.1      0.3      0.4      0.8      0.5      0.3      0.2      0.2
      0.1      0.0      0.0      0.0      0.0      0.0      0.0      0.0      0.0      0.0
      0.0      0.0      0.0      0.0      0.0      0.0      0.0      0.0      0.0      0.0
      0.0      0.0      0.0      0.0      0.0      0.0      0.0      0.0      0.0      0.0
      0.0      0.0      0.0      0.0      0.0      0.0      0.0      0.0      0.0      0.0
      0.0      0.0      0.0      0.0      0.0      0.0      0.0      0.0      0.0      0.0
      0.0      0.0      0.0      0.0      0.0      0.0      0.0      0.0      0.0      0.0
      0.0      0.0      0.0      0.0      0.0   9999.0   9999.0   9999.0   9999.0   9999.0
 
    508.7    380.9    272.0    101.3      8.7      2.9      2.1      0.5      0.1      0.1
      0.1      0.0      0.1      0.6      1.3      1.5      0.9      1.3      0.5      0.4
      0.2      0.1      0.1      0.1      0.0      0.0      0.0      0.0      0.0      0.0
      0.0      0.0      0.0      0.0      0.0      0.0      0.0      0.0      0.0      0.0
      0.0      0.0      0.0      0.0      0.0      0.0      0.0      0.0      0.0      0.0
      0.0      0.0      0.0      0.0      0.0      0.0      0.0      0.0      0.0      0.0
      0.0      0.0      0.0      0.0      0.0      0.0      0.0      0.0      0.0      0.0
      0.0      0.0      0.0      0.0      0.0      0.0      0.0      0.0      0.0      0.0
      0.0      0.0      0.0      0.0      0.0   9999.0   9999.0   9999.0   9999.0   9999.0
 
    294.4    294.1    184.4     93.7     94.7      3.4      1.8      0.8      0.4      0.2
      0.2      0.1      0.8      0.4      3.4      3.7      3.6      2.3      2.3      1.2
      0.2      0.1      0.1      0.1      0.1      0.0      0.0      0.0      0.0      0.0
      0.0      0.0      0.0      0.0      0.0      0.0      0.0      0.0      0.0      0.0
      0.0      0.0      0.0      0.0      0.0      0.0      0.0      0.0      0.0      0.0
      0.0      0.0      0.0      0.0      0.0      0.0      0.0      0.0      0.0      0.0
      0.0      0.0      0.0      0.0      0.0      0.0      0.0      0.0      0.0      0.0
      0.0      0.0      0.0      0.0      0.0      0.0      0.0      0.0      0.0      0.0
      0.0      0.0      0.0      0.0      0.0      0.0   9999.0   9999.0   9999.0   9999.0
 
    234.9    178.2    160.7     73.3     60.9      0.6      0.6      0.6      1.3      1.3
      0.4      0.2      1.5      2.0      4.7      3.7      5.6      3.9      4.2      1.4
      0.4      0.3      0.2      0.2      0.2      0.1      0.1      0.1      0.1      0.0
      0.0      0.0      0.1      0.1      0.1      0.0      0.0      0.0      0.0      0.0
      0.0      0.0      0.0      0.0      0.0      0.0      0.0      0.0      0.0      0.0
      0.0      0.0      0.0      0.0      0.0      0.0      0.0      0.0      0.0      0.0
      0.0      0.0      0.0      0.0      0.0      0.0      0.0      0.0      0.0      0.0
      0.0      0.0      0.0      0.0      0.0      0.0      0.0      0.0      0.0      0.0
      0.0      0.0      0.0      0.0      0.0      0.0      0.0   9999.0   9999.0   9999.0
 
    248.0    152.1    112.9    111.2     33.6     16.7      4.9      1.7      2.7      1.9
      2.0    107.5     34.6      3.6      8.8      8.1     12.3      7.0      4.7      3.8
      2.0      0.6      0.4      0.5      0.4      0.2      0.2      0.1      0.2      0.1
      0.1      0.1      0.1      0.2      0.1      0.1      0.0      0.0      0.0      0.0
      0.0      0.0      0.0      0.0      0.0      0.0      0.0      0.0      0.0      0.0
      0.0      0.0      0.0      0.0      0.0      0.0      0.0      0.0      0.0      0.0
      0.0      0.0      0.0      0.0      0.0      0.0      0.0      0.0      0.0      0.0
      0.0      0.0      0.0      0.0      0.0      0.0      0.0      0.0      0.0      0.0
      0.0      0.0      0.0      0.0      0.0      0.0      0.0   9999.0   9999.0   9999.0
 
    106.6     72.9     89.0     56.6     39.1     12.3     33.8     16.3     22.3     17.8
     14.8     40.0    116.2     77.7     22.1     15.2     13.7     16.0     15.8      7.3
      4.8      2.0      0.8      0.8      0.6      0.3      0.3      0.2      0.2      0.2
      0.1      0.2      0.4      0.4      0.3      0.1      0.1      0.0      0.1      0.1
      0.1      0.1      0.0      0.0      0.0      0.0      0.0      0.0      0.0      0.0
      0.0      0.0      0.0      0.0      0.0      0.0      0.0      0.0      0.0      0.0
      0.0      0.0      0.0      0.0      0.0      0.0      0.0      0.0      0.0      0.0
      0.0      0.0      0.0      0.0      0.0      0.0      0.0      0.0      0.0      0.0
      0.0      0.0      0.0      0.0      0.0      0.0      0.0      0.0   9999.0   9999.0
 
     46.4     25.6     46.4     39.3     46.7     48.4     45.4     38.7     36.7     26.6
     30.6     32.5     12.0     39.8     22.1     19.9     28.9     31.0     25.9     65.3
      7.4      3.4      1.9      1.4      1.0      0.5      0.5      0.3      0.3      0.2
      0.2      0.4      1.1      0.6      0.6      0.5      0.3      0.1      0.1      0.1
      0.1      0.1      0.0      0.0      0.0      0.0      0.0      0.0      0.0      0.0
      0.0      0.0      0.0      0.0      0.0      0.0      0.0      0.0      0.0      0.0
      0.0      0.0      0.0      0.0      0.0      0.0      0.0      0.0      0.0      0.0
      0.0      0.0      0.0      0.0      0.0      0.0      0.0      0.0      0.0      0.0
      0.0      0.0      0.0      0.0      0.0      0.0      0.0      0.0      0.0   9999.0
 
     19.7     18.4     19.8     45.8     70.1     51.5     13.6     22.6     23.9     32.5
     29.8     39.1    141.7     56.8     44.7     36.5     37.2     39.8    143.2     53.9
     33.2     13.7      5.0      3.5      1.8      0.8      0.9      0.6      0.4      0.3
      1.2      0.7      2.8      4.2      0.4      0.5      0.2      0.1      0.1      0.1
      0.1      0.0      0.0      0.0      0.0      0.0      0.0      0.0      0.0      0.0
      0.0      0.0      0.0      0.0      0.0      0.0      0.0      0.0      0.0      0.0
      0.0      0.0      0.0      0.0      0.0      0.0      0.0      0.0      0.0      0.0
      0.0      0.0      0.0      0.0      0.0      0.0      0.0      0.0      0.0      0.0
      0.0      0.0      0.0      0.0      0.0      0.0      0.0      0.0      0.0      0.0
 
     17.0     12.5      9.0      4.7     50.4     27.3      4.8     10.1      4.2     29.1
     33.3     59.5     89.6    101.7     71.9     90.0     78.4     58.9    122.7     98.0
     98.1     18.0      6.8      3.2      1.5      1.1      0.9      0.4      0.8      0.7
      2.7      2.9      4.8     10.3     11.3      6.0      1.9      2.1      0.1      0.1
      0.0      0.0      0.0      0.0      0.0      0.0      0.0      0.0      0.0      0.0
      0.0      0.0      0.0      0.0      0.0      0.0      0.0      0.0      0.0      0.0
      0.0      0.0      0.0      0.0      0.0      0.0      0.0      0.0      0.0      0.0
      0.0      0.0      0.0      0.0      0.0      0.0      0.0      0.0      0.0      0.0
      0.0      0.0      0.0      0.0      0.0      0.0      0.0      0.0      0.0      0.0
 
      5.2      3.8      6.6    102.2      7.6     98.8     58.6     41.2     34.7     48.8
     43.5    103.7     99.1    200.1    134.0    148.8    135.6     84.8    195.5    117.9
    386.5     42.4      6.1      2.6      1.3      0.8      0.5     21.2      6.4     11.0
      7.0      8.8      9.7     21.0     18.2     20.1     11.4     14.1     28.4      0.1
      0.1      0.1      0.0      0.0      0.0      0.0      0.1      0.1      0.0      0.0
      0.0      0.0      0.0      0.0      0.0      0.0      0.0      0.0      0.0      0.0
      0.0      0.0      0.0      0.0      0.0      0.0      0.0      0.0      0.0      0.0
      0.0      0.0      0.0      0.0      0.0      0.0      0.0      0.0      0.0      0.0
      0.0      0.0      0.0      0.0      0.0      0.0      0.0      0.0      0.0      0.0
 
      2.6     11.5     66.9    264.2    121.8    329.6    321.8    112.1    174.6    111.9
    108.6    105.9    151.1    113.3    159.9    168.2    137.1    110.6    113.6    122.0
     13.1     13.1      2.3      1.8      0.9      2.9      1.2      8.1    474.0    585.0
    106.7     25.9     17.1     22.3     29.6     23.2     19.9     18.8     16.6     14.1
      0.2      0.1      0.1      0.0      0.0      0.1      0.1      0.1      0.0      0.0
      0.0      0.0      0.0      0.0      0.0      0.0      0.0      0.0      0.0      0.0
      0.0      0.0      0.0      0.0      0.0      0.0      0.0      0.0      0.0      0.0
      0.0      0.0      0.0      0.0      0.0      0.0      0.0      0.0      0.0      0.0
      0.0      0.0      0.0      0.0      0.0      0.0      0.0      0.0      0.0      0.0
 
      0.4     23.1    101.4    334.9    299.0    355.7    263.6    243.3    171.5    151.0
     94.3     86.0     75.7     91.1     96.6    112.2    101.0     17.1     13.3      2.3
      2.0      2.5      1.3      1.1      0.6     10.8     16.7    954.0    556.5     61.8
     15.2     24.9     28.9     36.0     52.0     29.4     21.5     18.8     25.2      4.8
      0.5      0.1      0.1      0.1      0.0      0.1      0.1      0.1      0.0      0.0
      0.0      0.0      0.0      0.0      0.0      0.0      0.0      0.0      0.0      0.0
      0.0      0.0      0.0      0.0      0.0      0.0      0.0      0.0      0.0      0.0
      0.0      0.0      0.0      0.0      0.0      0.0      0.0      0.0      0.0      0.0
      0.0      0.0      0.0      0.0      0.0      0.0      0.0      0.0      0.0      0.0
 
     55.9     66.3    231.2    217.1    275.1    256.1    259.9    244.8    142.9    132.9
     83.8     63.5     78.1     86.0     83.3     56.2     65.2     23.9     22.7      5.1
      3.6      2.7      1.8      1.6      1.5     51.9     38.0     62.9     15.2      6.0
     18.6     28.1     50.9     46.2     49.1     33.4     22.8     11.9     12.0      6.6
      2.8      0.5      0.5      0.1      0.1      0.1      0.0      0.0      0.0      0.0
      0.0      0.0      0.0      0.0      0.0      0.0      0.0      0.0      0.0      0.0
      0.0      0.0      0.0      0.0      0.0      0.0      0.0      0.0      0.0      0.0
      0.0      0.0      0.1      0.1      0.1      0.1      0.0      0.0      0.0      0.0
      0.0      0.0      0.0      0.0      0.0      0.0      0.0      0.0      0.0      0.0
 
     74.4    106.0     98.9     47.2    110.1    119.4    107.9     64.6     65.0     52.7
     40.6     16.8     44.5     43.1     31.3     28.9     33.9     24.0     20.6     11.5
      6.7      6.0      2.4      4.5     26.2     46.0     40.0     25.8      8.8     10.6
     26.4     47.7     66.3     66.4     54.3     41.0     25.8     11.6      9.2      5.6
      4.0      0.7      0.5      0.1      0.5      0.1      0.1      0.6      1.2      0.0
      0.1      0.0      0.0      0.0      0.0      0.0      0.0      0.0      0.0      0.0
      0.0      0.0      0.0      0.0      0.0      0.0      0.0      0.0      0.0      0.0
      0.0      0.0      0.1      0.1      0.1      0.1      0.1      0.1      0.1      0.0
      0.0      0.0      0.0      0.0      0.1      0.0      0.0      0.0      0.0      0.0
 
    332.8    169.9    116.8     57.6     20.0     22.7     27.1     64.8     52.1     41.8
     30.9     24.8     17.8     18.7     11.6     10.7     14.3     14.6     15.5     11.8
      7.6     15.2    121.7     79.7     24.4     63.2     26.0     17.2     13.4     16.0
     29.2     57.1     73.5     63.9     39.9     38.1     26.7     16.5     10.2     10.9
     12.7      1.7      0.9      1.1      1.3      0.6      1.7      2.8     56.1      8.4
      0.1      0.1      0.0      0.0      0.0      0.0      0.0      0.0      0.0      0.0
      0.0      0.0      0.0      0.0      0.0      0.0      0.0      0.0      0.0      0.0
      0.0      0.0      0.1      0.1      0.1      0.1      0.1      0.1      0.1      0.1
      0.0      0.1      0.1      0.1      0.1      0.1      0.1      0.0      0.0      0.0
 
    190.1    204.8    158.8     73.8     40.3     33.3     28.6     45.1     36.7     41.5
     23.8     37.5     28.0     26.8     24.3     14.2      8.8      6.9      8.5     98.1
    200.8   1496.4    539.3    656.1    322.3    226.6     57.5     51.7     33.4     53.1
     70.4     61.8     79.6     65.8     46.2     41.6     29.9     65.6     48.4     49.7
     46.8     14.9      1.8      3.4      6.4      4.3     27.0     97.5    109.1     70.9
      0.1      7.6      0.1      0.1      0.0      0.0      0.0      0.0      0.0      0.0
      0.0      0.0      0.0      0.0      0.0      0.0      0.0      0.0      0.0      0.0
      0.0      0.0      0.0      0.1      0.1      0.1      0.1      0.1      0.1      0.1
      0.1      0.1      0.1      0.1      0.1      0.1      0.1      0.0      0.0      0.0
 
    138.1     53.9    134.2     81.7     50.4     54.2     56.5     45.1     58.4     47.8
     42.6     46.7     39.4     57.2     16.1     32.6      6.1      5.0      1.4     63.5
    135.6    504.5   1489.0    822.2    365.0    412.2    238.0    130.6    225.5    194.5
    110.5     87.9     98.0     64.0     48.6     53.7     55.0    138.3    147.1    173.5
     84.6     45.5      4.6      3.7      6.3     14.3     43.7    121.3    240.9    208.0
     48.3     86.1      0.1      1.3      0.7      0.0      0.0      0.0      0.0      0.0
      0.0      0.0      0.0      0.0      0.0      0.0      0.0      0.0      0.0      0.0
      0.0      0.0      0.0      0.0      0.1      0.1      0.1      0.1      0.4      0.1
      0.4      0.2      0.2      0.2      0.1      0.1      0.1      0.1      0.0      0.1
 
    156.1     13.8     44.1     56.4     45.5     55.1     44.6     45.5     46.2     52.0
    108.2    155.9    151.1    135.0    101.4     45.7      7.7      5.7      3.7      1.1
   1754.6   1624.4   1694.7    775.4    608.9    714.9    283.3    219.6    317.6    497.4
    404.6    194.5    214.8    111.6     90.7     74.7    114.0    287.2    358.5    273.8
    365.1    175.7      6.8      2.6      6.3     17.1     38.4    163.2    255.9    319.9
    150.3     64.1      0.7      3.4      2.0      0.2      0.1      0.1      0.1      0.0
      0.0      0.0      0.0      0.0      0.0      0.0      0.0      0.0      0.0      0.0
      0.0      0.0      0.0      0.0      0.0      0.1      0.2      0.2      0.3      1.8
      0.5      0.3      0.3      0.2      0.2      0.1      0.1      0.1      0.1      0.1
 
     63.0     10.6     27.2     44.1      6.3     12.7     38.6     34.6     37.3     96.7
     79.0    185.4    112.5     92.9     95.7     46.4     17.9     38.9     17.5    270.6
    200.8   1808.4   2026.1    757.0    436.4    369.7    304.1    245.4    559.0    679.0
    786.9    757.4    401.5    261.0    174.3    127.0    312.0    700.3    490.3    330.5
    169.7    160.0      9.6      4.4      2.9      6.4     13.4     98.7    317.1    283.3
    258.7     69.9     27.4     20.4      6.8      1.1      0.2      0.1      0.1      0.0
      0.0      0.0      0.0      0.0      0.0      0.0      0.0      0.0      0.0      0.0
      0.0      0.0      0.5      0.0      0.4      0.5      2.3      2.6      3.2      2.4
      1.9      1.3      0.4      0.5      0.4      0.2      0.2      0.2      0.1      0.1
 
     17.8     21.1      4.0      3.1      5.7      8.2     26.2     44.5     41.5     99.7
     64.5    109.3     84.1     49.2    588.6    358.5    672.7   1415.4   1087.1    104.3
    251.8    273.7    128.7    300.6    192.8    274.3    257.7    257.8    417.2    767.3
    728.8    799.7    490.7    403.9     93.0    237.6    840.5    941.0    534.7    331.9
    323.0     72.5     21.1     10.8      8.3      8.7     13.6     23.4     67.3    157.9
    105.0     65.7     27.9     35.1     31.9      4.4      7.3      1.1      0.1      0.0
      0.1      0.0      0.0      0.0      0.1      0.7      0.0      0.0      0.0      0.0
      1.5      1.4      2.5      1.7      1.5      2.9      3.4      4.8      4.6      3.6
      2.1      1.8      1.2      2.4      3.1      0.6      0.3      0.2      0.1      0.1
 
      9.7      4.3     20.8     18.0     20.6     19.4     29.2     45.4     70.5     33.3
     64.3     17.2     26.5     22.4    586.5   1604.7   3214.5   2005.4   1394.0    584.6
    692.3    134.4     54.5     67.0    106.8    244.6    345.9    361.1    372.1    334.7
    337.5    263.1    222.5    217.5    130.8    316.7    477.2    632.0    332.3    172.6
    163.5     63.0     37.9     30.7     29.8     39.8     13.2     43.5     48.8     92.1
     83.2    107.3     99.6     85.3     38.4     10.6      8.4      3.8      0.4      0.2
      0.1      0.1      0.2      1.2      1.3      2.1      5.4      6.4      6.4     12.5
      4.9     10.6      8.2      4.6      5.2      5.0      7.1      6.0      4.6      3.2
      2.7      2.0      2.3      2.1      2.7      0.9      0.4      0.6      1.1      0.3
 
     30.7     29.8     64.4     61.0     61.8     80.2    158.3    120.5    119.9    112.9
     91.2     31.2     30.9     16.9    194.1    447.6    823.6   1489.0    883.5    649.7
    569.7     46.4     29.2     12.8     25.4     72.5     64.7     75.2    126.6    180.7
    121.7    117.6     85.0     34.6     76.0    100.4    105.1    172.4    160.7    121.1
    130.1     57.9     40.1     41.3     41.1     42.3     28.9     44.2     46.8     46.0
     88.9     69.6     51.6     57.7     18.5     11.7     10.5      4.5      0.4      0.3
      0.1      0.8      0.7      5.5      4.8     13.6      9.8      9.6     16.8     14.4
     11.7     11.2      8.7      8.9      6.9      6.4      6.5      5.3      4.0      3.1
      2.3      1.9      2.4      3.0      1.4      1.2      0.9      1.0      1.0      0.5
 
     27.8    113.0    122.2    128.5    265.1    249.7    277.3    254.1    187.8    253.3
    397.6    154.1     87.0     16.3     62.3    103.6    253.8    166.8    144.0    125.5
     98.5     22.9     15.3      2.2      3.7     21.8      2.1      0.6      0.2      0.1
      3.7      4.7      5.3     63.1    160.5    181.7    148.2     81.3    356.4    534.8
    538.6    136.8     57.8     34.8     39.0     32.8     24.2     13.4     14.1     13.8
     22.2     28.6     25.1     50.0     17.2     10.0      9.3      7.3      3.2      2.4
      0.9      2.4      2.8      7.7     10.3     16.1     17.6     20.1     12.7     10.3
      5.4      9.6      5.9      6.2      4.9      4.5      4.3      3.3      1.4      0.9
      1.5      0.5      1.1      1.3      1.0      0.8      0.4      0.7      0.9      0.4
 
     61.1    117.0    192.4    218.5    317.2    300.4    285.2    248.7    441.5    571.1
    496.8    820.6    158.9    804.9      7.0     12.3     37.4     26.6     23.0     24.9
     11.5     10.2      5.0      1.0      0.2      2.3      0.2      0.2      0.1      0.3
      0.3      0.9     38.8    117.8    245.9    368.7    449.2     52.1     25.9    304.0
    216.4    135.5     79.3     70.5     24.6     23.9     20.8     20.0     15.0     14.1
     19.0     22.4     57.1     84.2     62.5      4.7      6.3      5.5      5.1      2.6
      1.3      3.5      7.6     10.7      7.6      4.3      4.2      3.0      1.9      0.2
      1.3      2.7      5.5      2.3      3.0      3.3      1.7      0.7      0.8      0.9
      0.1      0.3      0.0      0.6      0.4      0.2      0.3      0.5      0.5      0.3
 
     85.5    134.5    202.6    212.1    247.9    239.1    225.4    303.4    418.1    920.9
   1010.0   1347.3   2544.4   1460.1   2023.7    552.4   2162.0   3434.0      2.5    156.7
    273.5    231.7    241.8     11.9      0.1      0.2      0.2      0.1      0.0      0.2
      0.6      0.7    145.9    547.2    417.2    671.3    265.4    272.1    153.8     36.8
     39.3     69.0     73.3     68.4     18.6     15.3     22.2     20.5     23.6     24.2
     27.2     27.4     49.8     51.9     29.0      3.5      5.1      5.5      7.2      8.2
      5.4      6.5      8.1      7.0      3.4      1.4      0.8      0.5      0.4      0.2
      0.2      0.2      1.2      1.2      0.8      0.4      0.5      0.0      0.0      0.0
      0.0      0.0      0.1      0.1      0.1      0.0      0.1      0.1      0.1      0.1
 
    119.3    118.9    157.2    180.2    139.5    105.8    137.3    312.7    334.1    638.6
   1321.7   1956.1   2391.2   2793.0   2720.3   2741.2   2202.7   1138.1   2400.3   1538.8
    877.7    380.0    378.9      0.3      0.5      0.2      0.2      0.1      0.1      0.0
      0.0     40.6    136.4    716.0    796.4    590.1    220.7    283.0     82.0     23.6
     12.4     31.5     30.1     29.7     18.1     18.6     24.7     34.7     41.0     41.6
     45.1     31.4     21.5     43.6      6.3      8.2      6.8      5.1      8.1      7.9
      8.3      8.1      8.2      6.4      2.1      0.9      0.7      0.4      0.1      0.1
      0.0      0.0      0.0      0.0      0.0      0.0      0.0      0.0      0.0      0.0
      0.0      0.0      0.0      0.1      0.1      0.0      0.0      0.0      0.0      0.0
 
    109.9     85.9     93.5     93.8    100.0     61.7     61.1    128.0    178.5    605.5
    904.4   1213.0   1703.3   1527.6   2273.0   2638.1   2319.7   1592.9   1572.7   1721.1
   1554.9   3669.8   1720.1    401.2      0.4      0.1      0.1      0.1      0.1      0.0
      0.0     27.7    320.2    535.9    314.5    118.6      1.7      1.9     12.4     12.9
     22.0     11.8     13.7      9.4      8.5     12.9     17.1     40.6     52.0     52.5
     51.0     41.7     35.0     33.7     27.4     10.5     11.5      6.7      6.6      6.9
     10.7      9.7     11.2      5.3      2.1      0.5      0.5      0.0      0.0      0.0
      0.0      0.0      0.0      0.0      0.0      0.0      0.0      0.0      0.0      0.0
      0.0      0.0      0.0      0.0      0.0      0.0      0.0      0.0      0.0      0.0
 
     65.9     62.7     59.8     67.2     49.2     48.0     42.9     34.4     51.3     92.7
    253.4    547.9    525.0    874.8   1137.3    821.9    757.6    216.1    361.8   1710.0
   2650.0    549.3    957.8    412.9      0.1      0.0      0.0      0.0      0.0      0.0
      0.0      0.0      0.0      0.1      0.1      0.1      4.5      3.2     14.4     10.9
      9.3      4.8      3.3      4.4      3.7     10.1     14.0     29.9     51.4     44.8
     47.6     44.3     37.7     40.0     25.2     19.6     13.6      5.7      5.5      9.6
     11.2     10.9      9.8      4.9      2.0      0.6      0.6      0.2      0.1      0.0
      0.0      0.0      0.0      0.0      0.0      0.0      0.0      0.0      0.0      0.0
      0.0      0.0      0.0      0.0      0.0      0.0      0.0      0.0      0.0      0.0
 
     32.7     22.4     45.3     25.2     37.0     28.0     32.2     19.1     23.6     50.9
     92.9     47.2    137.8    240.6    274.1    214.7     12.3     16.3     25.0    156.3
    181.0      3.2      1.4      1.0      0.0      0.0      0.0      0.0      0.0      0.0
      0.0      0.0      0.0      0.1      0.1      0.1      3.4      2.2      9.6     17.3
     10.8      7.8      3.7      3.1      3.6     11.9     13.7     32.5     31.2     39.7
     26.6     21.0     27.5     40.9     21.3     12.8      6.5      5.3      4.7     10.6
      5.9      8.0      8.8      3.1      1.6      0.1      0.2      0.1      0.0      0.0
      0.0      0.0      0.0      0.0      0.0      0.0      0.0      0.0      0.0      0.0
      0.0      0.0      0.0      0.0      0.0      0.0      0.0      0.0      0.0      0.0
 
      8.6     20.6     10.5     16.5     14.4     16.3     10.7      6.4      8.1      2.4
     15.9     16.5     30.4     46.7     51.3     65.1      1.6      0.7      3.5     20.3
      0.1      0.1      0.1      0.1      0.0      0.0      0.0      0.0      0.0      0.0
      0.0      0.0      0.0      0.0      0.0      0.1      0.6      0.1      5.9     14.2
     12.0     10.5      6.9      8.4     10.5      9.7     14.5     20.3     14.7     14.8
      6.8      4.0     10.3      7.2     10.7      3.6      3.8      3.9      2.5      2.3
      3.1      2.8      2.7      2.0      0.5      0.3      0.1      0.1      0.0      0.0
      0.0      0.0      0.0      0.0      0.0      0.0      0.0      0.0      0.0      0.0
      0.0      0.0      0.0      0.0      0.0      0.0      0.0      0.0      0.0      0.0
 
      3.4      4.7      4.3      7.9      5.7      6.3      7.3      4.2      4.9      2.0
      1.0      2.0     11.3     14.3      9.6      2.0      0.9      0.5      4.3      3.3
      0.1      0.1      0.0      0.0      0.0      0.0      0.0      0.0      0.0      0.0
      0.0      0.0      0.0      0.0      0.0      0.0      0.0      1.6      2.5     10.8
     10.4      9.7      8.5      8.0      8.7      7.1     13.9      0.7      0.5      0.4
      0.1      0.1      0.0      1.5      1.9      2.4      2.6      2.7      2.0      1.7
      1.7      2.2      1.2      0.7      0.2      0.2      0.1      0.0      0.0      0.0
      0.0      0.0      0.0      0.0      0.0      0.0      0.0      0.0      0.0      0.0
      0.0      0.0      0.0      0.0      0.0      0.0      0.0      0.0      0.0      0.0
 
      2.0      1.6      2.5      1.9      2.5      3.7      1.3      1.9      2.3      1.0
      0.6      0.4      0.5      1.1      1.4      0.4      0.1      0.1      0.2      0.1
      0.0      0.0      0.0      0.0      0.0      0.0      0.0      0.0      0.0      0.0
      0.0      0.0      0.0      0.0      0.0      0.0      0.0      0.0      0.1      2.9
      4.5      3.5      7.1      4.3      2.7      1.0      1.4      0.0      0.0      0.1
      0.1      0.1      0.3      0.6      1.6      2.6      2.7      1.8      1.6      1.4
      0.8      0.6      0.5      0.3      0.2      0.1      0.0      0.0      0.0      0.0
      0.0      0.0      0.0      0.0      0.0      0.0      0.0      0.0      0.0      0.0
      0.0      0.0      0.0      0.0      0.0      0.0      0.0      0.0      0.0      0.0
 
      0.6      0.6      1.0      0.8      1.1      0.8      0.8      0.5      0.8      0.4
      0.3      0.2      0.2      0.2      0.1      0.1      0.1      0.1      0.1      0.0
      0.0      0.0      0.0      0.0      0.0      0.0      0.0      0.0      0.0      0.0
      0.0      0.0      0.0      0.0      0.0      0.0      0.0      0.0      0.0      0.2
      0.9      0.4      3.1      0.6      0.1      0.0      0.0      0.0      0.0      0.0
      0.0      0.0      0.1      0.4      1.7      1.8      2.7      1.4      1.4      0.6
      0.4      0.3      0.2      0.1      0.1      0.0      0.0      0.0      0.0      0.0
      0.0      0.0      0.0      0.0      0.0      0.0      0.0      0.0      0.0      0.0
      0.0      0.0      0.0      0.0      0.0      0.0      0.0      0.0      0.0      0.0
 
      0.2      0.3      0.4      0.4      0.7      0.6      0.2      0.5      0.2      0.2
      0.2      0.1      0.1      0.1      0.1      0.1      0.1      0.0      0.0      0.0
      0.0      0.0      0.0      0.0      0.0      0.0      0.0      0.0      0.0      0.0
      0.0      0.0      0.0      0.0      0.0      0.0      0.0      0.0      0.0      0.0
      0.1      0.0      0.4      0.0      0.0      0.0      0.0      0.0      0.0      0.0
      0.0      0.0      0.1      0.5      1.7      1.8      1.6      1.5      0.7      0.3
      0.1      0.1      0.1      0.0      0.0      0.0      0.0      0.0      0.0      0.0
      0.0      0.0      0.0      0.0      0.0      0.0      0.0      0.0      0.0      0.0
      0.0      0.0      0.0      0.0      0.0      0.0      0.0      0.0      0.0      0.0
 
      0.1      0.1      0.1      0.1      0.2      0.2      0.1      0.1      0.2      0.1
      0.1      0.1      0.1      0.1      0.1      0.0      0.1      0.0      0.0      0.0
      0.0      0.0      0.0      0.0      0.0      0.0      0.0      0.0      0.0      0.0
      0.0      0.0      0.0      0.0      0.0      0.0      0.0      0.0      0.0      0.0
      0.0      0.0      0.0      0.0      0.0      0.0      0.0      0.0      0.0      0.0
      0.0      0.1      0.1      0.4      1.1      1.5      1.1      0.7      0.3      0.2
      0.1      0.0      0.0      0.0      0.0      0.0      0.0      0.0      0.0      0.0
      0.0      0.0      0.0      0.0      0.0      0.0      0.0      0.0      0.0      0.0
      0.0      0.0      0.0      0.0      0.0      0.0      0.0      0.0      0.0      0.0
 
      0.1      0.0      0.0      0.0      0.1      0.0      0.0      0.0      0.0      0.0
      0.0      0.0      0.0      0.1      0.0      0.0      0.0      0.0      0.0      0.0
      0.0      0.0      0.0      0.0      0.0      0.0      0.0      0.0      0.0      0.0
      0.0      0.0      0.0      0.0      0.0      0.0      0.0      0.0      0.0      0.0
      0.0      0.0      0.0      0.0      0.0      0.0      0.0      0.0      0.0      0.0
      0.0      0.0      0.1      0.5      0.8      0.6      0.8      0.3      0.1      0.1
      0.1      0.0      0.0      0.0      0.0      0.0      0.0      0.0      0.0      0.0
      0.0      0.0      0.0      0.0      0.0      0.0      0.0      0.0      0.0      0.0
      0.0      0.0      0.0      0.0      0.0      0.0      0.0      0.0      0.0      0.0
 
      0.0      0.0      0.0      0.0      0.0      0.0      0.0      0.0      0.0      0.0
      0.0      0.0      0.0      0.0      0.0      0.0      0.0      0.0      0.0      0.0
      0.0      0.0      0.0      0.0      0.0      0.0      0.0      0.0      0.0      0.0
      0.0      0.0      0.0      0.0      0.0      0.0      0.0      0.0      0.0      0.0
      0.0      0.0      0.0      0.0      0.0      0.0      0.0      0.0      0.0      0.0
      0.1      0.1      0.1      0.2      0.4      0.5      0.3      0.2      0.1      0.1
      0.0      0.0      0.0      0.0      0.0      0.0      0.0      0.0      0.0      0.0
      0.0      0.0      0.0      0.0      0.0      0.0      0.0      0.0      0.0      0.0
      0.0      0.0      0.0      0.0      0.0      0.0      0.0      0.0      0.0      0.0
 
      0.0      0.0      0.0      0.0      0.0      0.0      0.0      0.0      0.0      0.0
      0.0      0.0      0.0      0.0      0.0      0.0      0.0      0.0      0.0      0.0
      0.0      0.0      0.0      0.0      0.0      0.0      0.0      0.0      0.0      0.0
      0.0      0.0      0.0      0.0      0.0      0.0      0.0      0.0      0.0      0.0
      0.0      0.0      0.0      0.0      0.0      0.0      0.0      0.0      0.0      0.0
      0.0      0.0      0.1      0.1      0.2      0.2      0.1      0.1      0.1      0.0
      0.0      0.0      0.0      0.0      0.0      0.0      0.0      0.0      0.0      0.0
      0.0      0.0      0.0      0.0      0.0      0.0      0.0      0.0      0.0      0.0
      0.0      0.0      0.0      0.0      0.0      0.0      0.0      0.0      0.0      0.0
 
      0.0      0.0      0.0      0.0      0.0      0.0      0.0      0.0      0.0      0.0
      0.0      0.0      0.0      0.0      0.0      0.0      0.0      0.0      0.0      0.0
      0.0      0.0      0.0      0.0      0.0      0.0      0.0      0.0      0.0      0.0
      0.0      0.0      0.0      0.0      0.0      0.0      0.0      0.0      0.0      0.0
      0.0      0.0      0.0      0.0      0.0      0.0      0.0      0.0      0.0      0.0
      0.0      0.0      0.0      0.0      0.1      0.1      0.1      0.0      0.0      0.0
      0.0      0.0      0.0      0.0      0.0      0.0      0.0      0.0      0.0      0.0
      0.0      0.0      0.0      0.0      0.0      0.0      0.0      0.0      0.0      0.0
      0.0      0.0      0.0      0.0      0.0      0.0      0.0      0.0      0.0      0.0
 
      0.0      0.0      0.0      0.0      0.0      0.0      0.0      0.0      0.0      0.0
      0.0      0.0      0.0      0.0      0.0      0.0      0.0      0.0      0.0      0.0
      0.0      0.0      0.0      0.0      0.0      0.0      0.0      0.0      0.0      0.0
      0.0      0.0      0.0      0.0      0.0      0.0      0.0      0.0      0.0      0.0
      0.0      0.0      0.0      0.0      0.0      0.0      0.0      0.0      0.0      0.0
      0.0      0.0      0.0      0.0      0.0      0.0      0.0      0.0      0.0      0.0
      0.0      0.0      0.0      0.0      0.0      0.0      0.0      0.0      0.0      0.0
      0.0      0.0      0.0      0.0      0.0      0.0      0.0      0.0      0.0      0.0
      0.0      0.0      0.0      0.0      0.0      0.0      0.0      0.0      0.0      0.0
 
      0.0      0.0      0.0      0.0      0.0      0.0      0.0      0.0      0.0      0.0
      0.0      0.0      0.0      0.0      0.0      0.0      0.0      0.0      0.0      0.0
      0.0      0.0      0.0      0.0      0.0      0.0      0.0      0.0      0.0      0.0
      0.0      0.0      0.0      0.0      0.0      0.0      0.0      0.0      0.0      0.0
      0.0      0.0      0.0      0.0      0.0      0.0      0.0      0.0      0.0      0.0
      0.0      0.0      0.0      0.0      0.0      0.0      0.0      0.0      0.0      0.0
      0.0      0.0      0.0      0.0      0.0      0.0      0.0      0.0      0.0      0.0
      0.0      0.0      0.0      0.0      0.0      0.0      0.0      0.0      0.0      0.0
      0.0      0.0      0.0      0.0      0.0      0.0      0.0      0.0      0.0      0.0
 
      0.0      0.0      0.0      0.0      0.0      0.0      0.0      0.0      0.0      0.0
      0.0      0.0      0.0      0.0      0.0      0.0      0.0      0.0      0.0      0.0
      0.0      0.0      0.0      0.0      0.0      0.0      0.0      0.0      0.0      0.0
      0.0      0.0      0.0      0.0      0.0      0.0      0.0      0.0      0.0      0.0
      0.0      0.0      0.0      0.0      0.0      0.0      0.0      0.0      0.0      0.0
      0.0      0.0      0.0      0.0      0.0      0.0      0.0      0.0      0.0      0.0
      0.0      0.0      0.0      0.0      0.0      0.0      0.0      0.0      0.0      0.0
      0.0      0.0      0.0      0.0      0.0      0.0      0.0      0.0      0.0      0.0
      0.0      0.0      0.0      0.0      0.0      0.0      0.0      0.0      0.0      0.0
 
      0.0      0.0      0.0      0.0      0.0      0.0      0.0      0.0      0.0      0.0
      0.0      0.0      0.0      0.0      0.0      0.0      0.0      0.0      0.0      0.0
      0.0      0.0      0.0      0.0      0.0      0.0      0.0      0.0      0.0      0.0
      0.0      0.0      0.0      0.0      0.0      0.0      0.0      0.0      0.0      0.0
      0.0      0.0      0.0      0.0      0.0      0.0      0.0      0.0      0.0      0.0
      0.0      0.0      0.0      0.0      0.0      0.0      0.0      0.0      0.0      0.0
      0.0      0.0      0.0      0.0      0.0      0.0      0.0      0.0      0.0      0.0
      0.0      0.0      0.0      0.0      0.0      0.0      0.0      0.0      0.0      0.0
      0.0      0.0      0.0      0.0      0.0      0.0      0.0      0.0      0.0      0.0
 
      0.0      0.0      0.0      0.0      0.0      0.0      0.0      0.0      0.0      0.0
      0.0      0.0      0.0      0.0      0.0      0.0      0.0      0.0      0.0      0.0
      0.0      0.0      0.0      0.0      0.0      0.0      0.0      0.0      0.0      0.0
      0.0      0.0      0.0      0.0      0.0      0.0      0.0      0.0      0.0      0.0
      0.0      0.0      0.0      0.0      0.0      0.0      0.0      0.0      0.0      0.0
      0.0      0.0      0.0      0.0      0.0      0.0      0.0      0.0      0.0      0.0
      0.0      0.0      0.0      0.0      0.0      0.0      0.0      0.0      0.0      0.0
      0.0      0.0      0.0      0.0      0.0      0.0      0.0      0.0      0.0      0.0
      0.0      0.0      0.0      0.0      0.0      0.0      0.0      0.0      0.0      0.0
 
      0.0      0.0      0.0      0.0      0.0      0.0      0.0      0.0      0.0      0.0
      0.0      0.0      0.0      0.0      0.0      0.0      0.0      0.0      0.0      0.0
      0.0      0.0      0.0      0.0      0.0      0.0      0.0      0.0      0.0      0.0
      0.0      0.0      0.0      0.0      0.0      0.0      0.0      0.0      0.0      0.0
      0.0      0.0      0.0      0.0      0.0      0.0      0.0      0.0      0.0      0.0
      0.0      0.0      0.0      0.0      0.0      0.0      0.0      0.0      0.0      0.0
      0.0      0.0      0.0      0.0      0.0      0.0      0.0      0.0      0.0      0.0
      0.0      0.0      0.0      0.0      0.0      0.0      0.0      0.0      0.0      0.0
      0.0      0.0      0.0      0.0      0.0      0.0      0.0      0.0      0.0      0.0
 
